function dat = naca_table_sealvl()
    % creates a table with sealvl data on the naca 
    % 2412 airfoil.
    
    % @ param table quatities include Cl, Cd, alpha
    % Cdp Cm top_Xtr, and bot_xtr
    
    
    dat =  [-10.000	  -0.8872	   0.00844	   0.00431	  -0.0516	   0.9354	   0.0132;...
              -9.500	  -0.8327	   0.00813	   0.00395	  -0.0514	   0.9173	   0.0137;...
              -9.000	  -0.7780	   0.00775	   0.00355	  -0.0512	   0.9011	   0.0154;...
              -8.500	  -0.7225	   0.00747	   0.00322	  -0.0511	   0.8839	   0.0163;...
              -8.000	  -0.6668	   0.00718	   0.00290	  -0.0510	   0.8648	   0.0181;...
              -7.500	  -0.6108	   0.00694	   0.00262	  -0.0510	   0.8434	   0.0196;...
              -7.000	  -0.5545	   0.00669	   0.00234	  -0.0510	   0.8217	   0.0223;...
              -6.500	  -0.4981	   0.00651	   0.00210	  -0.0510	   0.7948	   0.0244;...
              -6.000	  -0.4414	   0.00632	   0.00188	  -0.0511	   0.7691	   0.0277;...
              -5.500	  -0.3847	   0.00615	   0.00167	  -0.0512	   0.7405	   0.0322;...
              -5.000	  -0.3279	   0.00601	   0.00149	  -0.0513	   0.7104	   0.0376;...
              -4.500	  -0.2710	   0.00589	   0.00132	  -0.0514	   0.6795	   0.0442;...
              -4.000	  -0.2139	   0.00579	   0.00118	  -0.0515	   0.6482	   0.0522;...
              -3.500	  -0.1569	   0.00569	   0.00106	  -0.0517	   0.6169	   0.0647;...
              -3.000	  -0.0998	   0.00558	   0.00094	  -0.0518	   0.5869	   0.0803;...
              -2.500	  -0.0425	   0.00551	   0.00086	  -0.0520	   0.5582	   0.0983;...
              -2.000	   0.0147	   0.00543	   0.00078	  -0.0522	   0.5296	   0.1205;...
              -1.500	   0.0719	   0.00536	   0.00073	  -0.0524	   0.5028	   0.1498;...
              -1.000	   0.1293	   0.00530	   0.00070	  -0.0526	   0.4793	   0.1808;...
              -0.500	   0.1867	   0.00525	   0.00068	  -0.0528	   0.4564	   0.2153;...
               0.000	   0.2439	   0.00520	   0.00068	  -0.0530	   0.4337	   0.2564;...
               0.500	   0.3014	   0.00517	   0.00069	  -0.0533	   0.4139	   0.2988;...
               1.000	   0.3584	   0.00516	   0.00073	  -0.0535	   0.3891	   0.3475;...
               1.500	   0.4149	   0.00516	   0.00079	  -0.0536	   0.3594	   0.4095;...
               2.000	   0.4709	   0.00517	   0.00088	  -0.0537	   0.3253	   0.4918;...
               2.500	   0.5267	   0.00525	   0.00099	  -0.0537	   0.2893	   0.5624;...
               3.000	   0.5820	   0.00540	   0.00115	  -0.0536	   0.2505	   0.6282;...
               3.500	   0.6370	   0.00558	   0.00133	  -0.0535	   0.2118	   0.6934;...
               4.000	   0.6913	   0.00581	   0.00155	  -0.0533	   0.1710	   0.7621;...
               4.500	   0.7455	   0.00602	   0.00178	  -0.0530	   0.1375	   0.8332;...
               5.000	   0.7986	   0.00626	   0.00205	  -0.0525	   0.1076	   0.8990;...
               5.500	   0.8501	   0.00654	   0.00234	  -0.0515	   0.0832	   0.9523;...
               6.000	   0.9013	   0.00688	   0.00263	  -0.0505	   0.0643	   0.9865;...
               7.000	   1.0214	   0.00769	   0.00325	  -0.0527	   0.0402	   1.0000;...
               7.500	   1.0731	   0.00807	   0.00357	  -0.0520	   0.0336	   1.0000;...
               8.000	   1.1253	   0.00846	   0.00391	  -0.0514	   0.0283	   1.0000;...
               8.500	   1.1775	   0.00887	   0.00428	  -0.0509	   0.0243	   1.0000;...
               9.000	   1.2292	   0.00931	   0.00468	  -0.0503	   0.0206	   1.0000;...
               9.500	   1.2808	   0.00975	   0.00508	  -0.0497	   0.0186	   1.0000;...
              10.000	   1.3318	   0.01020	   0.00551	  -0.0491	   0.0167	   1.0000;...
              10.500	   1.3817	   0.01072	   0.00601	  -0.0482	   0.0147	   1.0000;...
              11.000	   1.4314	   0.01121	   0.00648	  -0.0474	   0.0137	   1.0000;...
              11.500	   1.4795	   0.01178	   0.00704	  -0.0464	   0.0124	   1.0000;...
              12.000	   1.5268	   0.01236	   0.00761	  -0.0453	   0.0113	   1.0000;...
              12.500	   1.5732	   0.01294	   0.00820	  -0.0440	   0.0108	   1.0000;...
              13.000	   1.6170	   0.01365	   0.00890	  -0.0424	   0.0098	   1.0000;...
              13.500	   1.6592	   0.01437	   0.00963	  -0.0405	   0.0091	   1.0000;...
              14.000	   1.6996	   0.01506	   0.01034	  -0.0384	   0.0088	   1.0000;...
              14.500	   1.7323	   0.01586	   0.01116	  -0.0349	   0.0084	   1.0000];
          
          
end