CL_pmax_12k =  1.5969;
CL_nmax_12k = -0.9965;
CL_pmax_sea = 1.6588;
CL_nmax_sea = -1.0372;

 b = 37*3.0480e-01;       %[m]
 w = (2000/2.2)*9.81;   %[N]
 c = 4.41667*3.0480e-01;  %[m]
 S = b*c;
vn_points = [50.4361, 4.4;...
                87.5, 6.9559;...
                131.2, 5.4849;...
                131.2, -4.4849;...
                87.5, -5.9559;...
                40.3401, -1.76;...
                61.6608, 4.4;...
                87.5, 6.9477;...% to do
                131.2, 5.4795;... % to do
                131.2, -4.4795;...% to do
                87.5, -5.9477;...% to do
                49.3673, -1.76];
            
 V_1sea = linspace(0,vn_points(1,1),100);
 V_112k = linspace(0,vn_points(7,1),100);
 V_6sea = linspace(0,vn_points(6,1),100);
 V_612k = linspace(0,vn_points(12,1),100);
 
 
 rho_sea = 1.2251;  % [kg/m^3]
 rho_12k = 0.8514;  % [kg/m^3]
 n1_sea = (0.5*rho_sea.*V_1sea.^2)*s/w;
 n2_sea = [4.4 -1 -1.76 -1.76];
 n3_sea = -(0.5*rho_sea.*V_6sea.^2)*s/w;
 v_2sea = [131.2 131.2 87.5 vn_points(6,1)];
 n1_12k = (0.5*rho_12k.*V_112k.^2)*s/w;
 
 
            